00
00
00
00
00
00
00
00
00
00
00
1a
00
00
00
00
00
07
00
07
27
00
00
27
da
03
7f
28
00
15
15
15
66
00
0d
f2
00
0f
04
08
00
20
00
80
00
07
15
15
15
00
07
00
3f
00
00
00
00
00
00
00
00
00
00
3f
dd
0d
00
00
00
03
00
00
00
03
00
00
00
03
00
00
00
11
11
11
00
00
00
3f
dd
0d
00
00
00
00
00
00
00
00
00
00
00
00
00
00
00
11
11
11
00
00
00
3f
dd
0d
00
00
00
04
00
00
00
04
00
00
00
04
00
00
00
11
11
11
00
00
00
3f
dd
0d
00
00
00
04
00
00
00
04
00
00
00
04
00
00
00
11
11
11
00
00
00
3f
dd
0d
00
00
00
04
00
00
00
04
00
00
00
04
00
00
00
11
11
11
00
00
00
00
00
70
00
00
00
00
00
00
00
00
00
00
00
00
00
00
00
00
00
00
00
00
00
00
00
70
00
00
00
00
00
00
00
00
00
00
00
00
00
00
00
00
00
00
00
00
00
00
00
70
00
00
00
00
00
00
00
00
3f
3f
38
00
00
00
07
00
00
00
00
00
0f
11
11
0f
11
11
0f
11
11
0f
11
11
0f
11
11
80
80
08
80
28
00
00
00
00
00
00
00
15
00
00
00
00
00
00
00
00
00
00
00
ff
ff
ff
40
40
40
2a
2a
2a
00
00
ff
ff
ff
40
40
40
2a
2a
2a
4e
4e
4e
ff
0f
07
00
ff
ff
ff
ff
ff
00
00
99
99
99
99
99
0f
11
11
0f
11
11
0f
11
11
0f
11
11
0f
11
11
0f
11
11
0f
11
11
0f
11
11
0f
11
11
0f
11
11
00
00
00
aa
00
02
00
